Collected Data: [6.21, 6.7299999999999995, 6.8500000000000005, 7.3, 8.42, 8.91, 10.08, 10.33, 12.94, 12.959999999999999, 13.14, 13.639999999999999, 13.719999999999999, 13.75, 14.01, 14.069999999999999, 14.83, 15.180000000000001, 15.9, 16.19, 16.22, 16.35, 16.459999999999997, 16.549999999999997, 16.67, 16.96, 17.36, 17.58, 17.78, 17.91, 18.37, 18.52, 18.84, 18.87, 19.220000000000002, 19.64, 19.67, 19.830000000000002, 19.939999999999998, 20.47, 20.639999999999997, 21.39, 21.54, 24.44, 24.45, 25.56, 25.94, 26.720000000000002, 35.43, 44.81]
Mean of the Value: 17.3858
Median of the Value: 16.815
Standard Deviation: 6.90724
Normal Distribution: [1.56006314e-02 1.75716143e-02 1.80462031e-02 1.98893953e-02
2.48735890e-02 2.72042330e-02 3.30122957e-02 3.42781268e-02
4.69511708e-02 4.70385571e-02 4.78143461e-02 4.98591320e-02
5.01699153e-02 5.02852187e-02 5.12551634e-02 5.14712828e-02
5.39355662e-02 5.48858542e-02 5.64362094e-02 5.68980389e-02
5.69403006e-02 5.71113470e-02 5.72406408e-02 5.73358274e-02
5.74478155e-02 5.76474796e-02 5.77567158e-02 5.77342953e-02
5.76631364e-02 5.75910318e-02 5.71737667e-02 5.69836878e-02
5.64911843e-02 5.64390201e-02 5.57562150e-02 5.47618289e-02
5.46837465e-02 5.42518966e-02 5.39401879e-02 5.22770729e-02
5.16900556e-02 4.88236311e-02 4.82014665e-02 3.42862378e-02
3.42355452e-02 2.86742449e-02 2.68262318e-02 2.31768374e-02
1.90414535e-03 2.18050049e-05]
-------------------------------------
Collected Data: [6.42, 8.24, 8.3, 8.88, 9.129999999999999, 9.4, 9.56, 9.66, 9.879999999999999, 9.979999999999999, 10.1, 12.13, 12.21, 12.81, 13.03, 13.45, 13.6, 14.05, 14.39, 14.45, 14.7, 14.74, 15.07, 15.28, 15.33, 15.69, 15.85, 16.299999999999997, 16.34, 16.47, 16.91, 17.2, 17.39, 17.6, 17.63, 17.74, 17.81, 18.14, 18.58, 18.66, 18.73, 18.880000000000003, 19.040000000000003, 19.34, 21.29, 27.779999999999998, 29.37, 29.83, 37.41, 39.1]
Mean of the Value: 16.2774
Median of the Value: 15.51
Standard Deviation: 6.72046
Normal Distribution: [0.02024578 0.02903495 0.02934546 0.03239029 0.03372077 0.03516442
0.03602148 0.03655719 0.03773454 0.0382686  0.03890809 0.04906938
0.04942768 0.05196444 0.05282126 0.05433451 0.05483347 0.05618981
0.05706686 0.05720784 0.05774948 0.05782919 0.05841199 0.05871217
0.05877541 0.05913603 0.05924242 0.05936201 0.05935977 0.05933797
0.05909994 0.05880559 0.05855439 0.05822382 0.05817212 0.05797303
0.05783862 0.05712564 0.0559783  0.0557465  0.05553801 0.05507374
0.05455283 0.05350756 0.04494763 0.01372074 0.00889933 0.00777012
0.00042302 0.00018587]
-------------------------------------
Collected Data: [4.56, 7.609999999999999, 8.27, 8.57, 8.66, 8.83, 9.56, 9.67, 9.77, 9.879999999999999, 10.059999999999999, 10.94, 11.709999999999999, 12.21, 12.81, 12.97, 13.19, 13.209999999999999, 14.28, 14.82, 14.83, 14.94, 14.99, 15.0, 15.14, 15.43, 15.74, 15.81, 16.09, 16.16, 16.57, 16.61, 16.96, 17.18, 17.45, 17.49, 17.53, 17.98, 18.21, 18.689999999999998, 18.72, 18.74, 18.75, 19.23, 19.369999999999997, 24.16, 25.5, 28.71, 46.519999999999996, 48.43]
Mean of the Value: 16.1702
Median of the Value: 15.285
Standard Deviation: 7.93874
Normal Distribution: [1.72471554e-02 2.80985001e-02 3.06277072e-02 3.17787225e-02
3.21234427e-02 3.27733216e-02 3.55310978e-02 3.59399543e-02
3.63096734e-02 3.67140298e-02 3.73699606e-02 4.04489358e-02
4.29156807e-02 4.43733495e-02 4.59468389e-02 4.63310610e-02
4.68335457e-02 4.68777103e-02 4.88481637e-02 4.95310140e-02
4.95415872e-02 4.96528416e-02 4.97003399e-02 4.97096084e-02
4.98312459e-02 5.00346327e-02 5.01788638e-02 5.02008944e-02
5.02500300e-02 5.02525528e-02 5.01889095e-02 5.01755390e-02
5.00045179e-02 4.98477010e-02 4.96038240e-02 4.95629197e-02
4.95207919e-02 4.89635849e-02 4.86208494e-02 4.77839131e-02
4.77262920e-02 4.76875382e-02 4.76680597e-02 4.66552480e-02
4.63320020e-02 3.02837038e-02 2.51909832e-02 1.44333369e-02
3.36884284e-05 1.30452967e-05]
-------------------------------------
Collected Data: [5.3, 6.47, 7.24, 7.75, 8.45, 8.69, 8.75, 9.090000000000002, 9.12, 9.31, 9.73, 9.85, 10.229999999999999, 12.239999999999998, 12.69, 13.520000000000001, 13.549999999999999, 13.97, 14.11, 14.3, 14.7, 14.88, 14.91, 14.98, 15.49, 15.530000000000001, 16.14, 16.32, 16.52, 16.580000000000002, 16.66, 16.979999999999997, 17.02, 17.2, 17.51, 17.66, 18.15, 18.3, 18.35, 18.78, 18.93, 19.380000000000003, 19.509999999999998, 19.89, 20.060000000000002, 24.16, 24.56, 25.03, 25.72, 26.419999999999998]
Mean of the Value: 15.2136
Median of the Value: 15.51
Standard Deviation: 5.16492
Normal Distribution: [0.01224184 0.01843042 0.02345935 0.02718957 0.03276947 0.03478784
0.03529965 0.03824784 0.0385115  0.04019254 0.04396187 0.04504762
0.04849288 0.06544398 0.06854978 0.07319788 0.07333619 0.0750339
0.07549748 0.07604178 0.0768598  0.0770798  0.07710742 0.07716179
0.07713022 0.07709595 0.07600822 0.07548872 0.07480903 0.0745845
0.07427059 0.07285312 0.07265823 0.07173442 0.06997136 0.06904453
0.06571422 0.06461085 0.06423515 0.06085713 0.05962372 0.05578844
0.05464983 0.05126654 0.04973433 0.01723187 0.01502349 0.01268987
0.00975689 0.00733823]
-------------------------------------
Collected Data: [7.16, 7.2700000000000005, 7.3, 9.33, 9.41, 9.5, 9.65, 9.66, 9.67, 10.030000000000001, 10.22, 12.56, 12.8, 12.86, 12.88, 13.15, 13.31, 13.530000000000001, 13.67, 14.11, 14.21, 14.72, 14.74, 14.92, 14.94, 15.66, 16.51, 16.72, 16.94, 16.95, 17.01, 17.31, 17.45, 17.58, 17.65, 17.7, 17.74, 17.9, 18.1, 18.16, 18.41, 18.44, 18.49, 18.56, 18.64, 19.990000000000002, 20.28, 24.59, 24.61, 34.84]
Mean of the Value: 15.3566
Median of the Value: 15.3
Standard Deviation: 4.96915
Normal Distribution: [2.05970346e-02 2.13577855e-02 2.15682622e-02 3.84793754e-02
3.92329957e-02 4.00860542e-02 4.15189589e-02 4.16149388e-02
4.17109717e-02 4.51977306e-02 4.70543001e-02 6.85251127e-02
7.03312123e-02 7.07643295e-02 7.09069965e-02 7.27459600e-02
7.37553201e-02 7.50389619e-02 7.57900450e-02 7.77968239e-02
7.81747434e-02 7.96276826e-02 7.96681058e-02 7.99745190e-02
8.00021574e-02 8.01343006e-02 7.81499897e-02 7.73180711e-02
7.63097179e-02 7.62606457e-02 7.59604139e-02 7.43141959e-02
7.34665224e-02 7.26364130e-02 7.21728598e-02 7.18348346e-02
7.15603380e-02 7.04271510e-02 6.89352918e-02 6.84722943e-02
6.64719773e-02 6.62246350e-02 6.58091109e-02 6.52206591e-02
6.45388989e-02 5.19796446e-02 4.91428995e-02 1.42850993e-02
1.41785486e-02 3.68444675e-05]
-------------------------------------
Collected Data: [4.819999999999999, 7.92, 8.040000000000001, 8.81, 8.85, 8.86, 9.549999999999999, 9.549999999999999, 12.69, 13.08, 13.19, 13.26, 13.620000000000001, 13.629999999999999, 13.92, 13.979999999999999, 14.36, 14.47, 14.81, 15.32, 15.63, 15.709999999999999, 15.86, 15.92, 16.44, 17.0, 17.11, 17.14, 17.43, 17.68, 17.7, 17.86, 17.919999999999998, 17.94, 18.14, 18.32, 18.419999999999998, 18.64, 19.369999999999997, 19.959999999999997, 20.35, 20.88, 22.689999999999998, 24.740000000000002, 25.05, 25.33, 31.6, 32.88, 33.04, 62.019999999999996]
Mean of the Value: 17.63
Median of the Value: 16.72
Standard Deviation: 8.76109
Normal Distribution: [1.56357465e-02 2.46387733e-02 2.50133076e-02 2.74330849e-02
2.75591797e-02 2.75907040e-02 2.97614808e-02 2.97614808e-02
3.88430507e-02 3.97909095e-02 4.00480613e-02 4.02092675e-02
4.10072635e-02 4.10286658e-02 4.16306153e-02 4.17505432e-02
4.24718673e-02 4.26680044e-02 4.32368774e-02 4.39800704e-02
4.43645205e-02 4.44552418e-02 4.46158166e-02 4.46765417e-02
4.51175731e-02 4.54181124e-02 4.54555538e-02 4.54645266e-02
4.55238268e-02 4.55349487e-02 4.55342368e-02 4.55200016e-02
4.55107510e-02 4.55071936e-02 4.54586038e-02 4.53946865e-02
4.53509433e-02 4.52341077e-02 4.46464306e-02 4.39534922e-02
4.33931927e-02 4.25079599e-02 3.85406018e-02 3.27595825e-02
3.18123348e-02 3.09469997e-02 1.27713049e-02 1.00097887e-02
9.69497746e-03 1.21288908e-07]
-------------------------------------
Collected Data: [6.720000000000001, 7.58, 8.05, 8.31, 8.35, 9.31, 9.549999999999999, 9.700000000000001, 10.030000000000001, 10.21, 11.73, 12.370000000000001, 12.42, 12.579999999999998, 12.62, 12.69, 12.87, 13.28, 13.33, 13.559999999999999, 13.700000000000001, 13.729999999999999, 13.82, 13.860000000000001, 14.49, 14.86, 15.29, 15.549999999999999, 15.57, 15.9, 16.07, 16.14, 16.42, 16.88, 16.93, 17.09, 18.08, 18.41, 18.49, 18.56, 18.610000000000003, 19.040000000000003, 21.61, 22.509999999999998, 22.93, 27.29, 32.5, 33.480000000000004, 42.44, 43.79]
Mean of the Value: 16.386
Median of the Value: 14.675
Standard Deviation: 7.82323
Normal Distribution: [0.02377004 0.02706406 0.02890535 0.02993077 0.03008878 0.03387482
0.03481155 0.03539319 0.03665977 0.03734162 0.04271786 0.04469934
0.04484532 0.04530322 0.04541546 0.04560968 0.04609596 0.04712981
0.04724859 0.04777369 0.04807582 0.0481388  0.04832399 0.04840446
0.04951874 0.05003361 0.05049659 0.05070424 0.05071793 0.05089627
0.05095299 0.05096937 0.05099409 0.05089301 0.05087144 0.05078852
0.04981298 0.04931617 0.0491833  0.04906312 0.04897506 0.04814298
0.04080363 0.03753725 0.03594059 0.01930537 0.00611294 0.00468581
0.00019912 0.00011042]
-------------------------------------
Collected Data: [4.77, 5.95, 7.45, 9.07, 10.05, 10.08, 10.34, 11.780000000000001, 11.88, 12.1, 12.1, 12.51, 12.55, 12.71, 13.03, 13.17, 13.45, 13.629999999999999, 14.239999999999998, 14.26, 14.65, 14.72, 14.87, 15.65, 15.95, 16.04, 16.26, 17.15, 17.22, 17.35, 17.79, 17.94, 18.47, 18.54, 18.56, 18.700000000000003, 18.8, 19.08, 19.849999999999998, 20.119999999999997, 20.310000000000002, 24.04, 24.150000000000002, 27.220000000000002, 27.59, 32.61, 33.27, 34.51, 34.55, 43.74]
Mean of the Value: 17.4964
Median of the Value: 15.995
Standard Deviation: 7.83273
Normal Distribution: [0.01360672 0.01718415 0.02237516 0.02855522 0.03241469 0.0325327
0.03355294 0.0390247  0.0393868  0.04017223 0.04017223 0.04159039
0.04172527 0.04225819 0.0432903  0.04372679 0.04457027 0.04509064
0.0467159  0.04676537 0.04767831 0.04783149 0.04814845 0.04953709
0.04994971 0.05005985 0.05030212 0.05088294 0.05090102 0.05092383
0.05089696 0.05085111 0.05054078 0.05048265 0.05046532 0.05033494
0.0502322  0.04990234 0.0486845  0.04815422 0.0477505  0.03592899
0.03550642 0.02356967 0.02220248 0.00791639 0.00670463 0.00481368
0.00476051 0.00018592]
-------------------------------------
